t1:  15.288457870483398
tp:  4.58551812171936
Speedup:  3.334074245191495
Efficiency:  41.67592806489368
